PointSet
Northing Easting Surface
614000	6326000	5201
614000	6325750	5270
614000	6325500	5334
614000	6325250	5381
614000	6325000	5426
614000	6324750	5466
614000	6324500	5541
614000	6324250	5606
614000	6324000	5661
614000	6323750	5733
614000	6323500	5796
614000	6323250	5836
614000	6323000	5878
614000	6322750	5917
614000	6322500	5938
614000	6322250	5968
614000	6322000	6007
614000	6321750	6040
614000	6321500	6053
614000	6321250	6069
614000	6321000	6099
614000	6320750	6130
614000	6320500	6153
614000	6320250	6171
614000	6320000	6194
614000	6319750	6221
614000	6319500	6246
614000	6319250	6264
614000	6319000	6284
614250	6326000	5238
614250	6325750	5283
614250	6325500	5322
614250	6325250	5372
614250	6325000	5420
614250	6324750	5456
614250	6324500	5512
614250	6324250	5594
614250	6324000	5665
614250	6323750	5742
614250	6323500	5765
614250	6323250	5786
614250	6323000	5824
614250	6322750	5866
614250	6322500	5877
614250	6322250	5873
614250	6322000	5929
614250	6321750	5973
614250	6321500	6001
614250	6321250	6025
614250	6321000	6059
614250	6320750	6095
614250	6320500	6123
614250	6320250	6145
614250	6320000	6168
614250	6319750	6194
614250	6319500	6219
614250	6319250	6246
614250	6319000	6272
614500	6326000	5279
614500	6325750	5312
614500	6325500	5340
614500	6325250	5373
614500	6325000	5406
614500	6324750	5438
614500	6324500	5499
614500	6324250	5563
614500	6324000	5639
614500	6323750	5727
614500	6323500	5734
614500	6323250	5723
614500	6323000	5769
614500	6322750	5813
614500	6322500	5832
614500	6322250	5833
614500	6322000	5874
614500	6321750	5931
614500	6321500	5959
614500	6321250	5991
614500	6321000	6023
614500	6320750	6059
614500	6320500	6091
614500	6320250	6117
614500	6320000	6141
614500	6319750	6168
614500	6319500	6196
614500	6319250	6227
614500	6319000	6258
614750	6326000	5321
614750	6325750	5335
614750	6325500	5362
614750	6325250	5385
614750	6325000	5399
614750	6324750	5426
614750	6324500	5493
614750	6324250	5554
614750	6324000	5622
614750	6323750	5713
614750	6323500	5733
614750	6323250	5704
614750	6323000	5722
614750	6322750	5768
614750	6322500	5794
614750	6322250	5796
614750	6322000	5803
614750	6321750	5838
614750	6321500	5895
614750	6321250	5951
614750	6321000	5989
614750	6320750	6021
614750	6320500	6053
614750	6320250	6085
614750	6320000	6111
614750	6319750	6140
614750	6319500	6172
614750	6319250	6209
614750	6319000	6245
615000	6326000	5371
615000	6325750	5367
615000	6325500	5380
615000	6325250	5409
615000	6325000	5414
615000	6324750	5428
615000	6324500	5476
615000	6324250	5555
615000	6324000	5620
615000	6323750	5718
615000	6323500	5757
615000	6323250	5635
615000	6323000	5654
615000	6322750	5720
615000	6322500	5752
615000	6322250	5753
615000	6322000	5753
615000	6321750	5775
615000	6321500	5828
615000	6321250	5891
615000	6321000	5945
615000	6320750	5984
615000	6320500	6018
615000	6320250	6052
615000	6320000	6082
615000	6319750	6116
615000	6319500	6155
615000	6319250	6198
615000	6319000	6238
615250	6326000	5456
615250	6325750	5420
615250	6325500	5410
615250	6325250	5422
615250	6325000	5429
615250	6324750	5445
615250	6324500	5483
615250	6324250	5544
615250	6324000	5614
615250	6323750	5725
615250	6323500	5771
615250	6323250	5586
615250	6323000	5609
615250	6322750	5655
615250	6322500	5700
615250	6322250	5712
615250	6322000	5715
615250	6321750	5741
615250	6321500	5786
615250	6321250	5843
615250	6321000	5897
615250	6320750	5947
615250	6320500	5984
615250	6320250	6019
615250	6320000	6060
615250	6319750	6107
615250	6319500	6149
615250	6319250	6191
615250	6319000	6232
615500	6326000	5600
615500	6325750	5522
615500	6325500	5475
615500	6325250	5451
615500	6325000	5449
615500	6324750	5467
615500	6324500	5507
615500	6324250	5545
615500	6324000	5623
615500	6323750	5720
615500	6323500	5745
615500	6323250	5540
615500	6323000	5527
615500	6322750	5574
615500	6322500	5617
615500	6322250	5657
615500	6322000	5674
615500	6321750	5700
615500	6321500	5747
615500	6321250	5806
615500	6321000	5864
615500	6320750	5915
615500	6320500	5950
615500	6320250	5989
615500	6320000	6036
615500	6319750	6093
615500	6319500	6136
615500	6319250	6180
615500	6319000	6223
615750	6326000	5593
615750	6325750	5558
615750	6325500	5481
615750	6325250	5458
615750	6325000	5457
615750	6324750	5474
615750	6324500	5514
615750	6324250	5564
615750	6324000	5621
615750	6323750	5717
615750	6323500	5756
615750	6323250	5492
615750	6323000	5451
615750	6322750	5497
615750	6322500	5546
615750	6322250	5603
615750	6322000	5629
615750	6321750	5655
615750	6321500	5701
615750	6321250	5756
615750	6321000	5822
615750	6320750	5882
615750	6320500	5921
615750	6320250	5964
615750	6320000	6016
615750	6319750	6071
615750	6319500	6119
615750	6319250	6166
615750	6319000	6213
616000	6326000	5550
616000	6325750	5531
616000	6325500	5482
616000	6325250	5463
616000	6325000	5460
616000	6324750	5477
616000	6324500	5512
616000	6324250	5560
616000	6324000	5635
616000	6323750	5711
616000	6323500	5738
616000	6323250	5423
616000	6323000	5383
616000	6322750	5427
616000	6322500	5485
616000	6322250	5531
616000	6322000	5567
616000	6321750	5610
616000	6321500	5650
616000	6321250	5709
616000	6321000	5779
616000	6320750	5840
616000	6320500	5899
616000	6320250	5963
616000	6320000	6000
616000	6319750	6051
616000	6319500	6102
616000	6319250	6154
616000	6319000	6207
616250	6326000	5527
616250	6325750	5527
616250	6325500	5503
616250	6325250	5464
616250	6325000	5453
616250	6324750	5467
616250	6324500	5504
616250	6324250	5549
616250	6324000	5625
616250	6323750	5710
616250	6323500	5715
616250	6323250	5424
616250	6323000	5290
616250	6322750	5344
616250	6322500	5401
616250	6322250	5454
616250	6322000	5501
616250	6321750	5550
616250	6321500	5622
616250	6321250	5670
616250	6321000	5723
616250	6320750	5780
616250	6320500	5855
616250	6320250	5926
616250	6320000	5987
616250	6319750	6041
616250	6319500	6092
616250	6319250	6151
616250	6319000	6208
616500	6326000	5525
616500	6325750	5520
616500	6325500	5473
616500	6325250	5425
616500	6325000	5431
616500	6324750	5456
616500	6324500	5505
616500	6324250	5543
616500	6324000	5590
616500	6323750	5669
616500	6323500	5682
616500	6323250	5269
616500	6323000	5218
616500	6322750	5275
616500	6322500	5315
616500	6322250	5376
616500	6322000	5434
616500	6321750	5489
616500	6321500	5557
616500	6321250	5610
616500	6321000	5659
616500	6320750	5728
616500	6320500	5801
616500	6320250	5878
616500	6320000	5972
616500	6319750	6052
616500	6319500	6103
616500	6319250	6154
616500	6319000	6211
616750	6326000	5568
616750	6325750	5531
616750	6325500	5434
616750	6325250	5385
616750	6325000	5403
616750	6324750	5441
616750	6324500	5493
616750	6324250	5536
616750	6324000	5571
616750	6323750	5609
616750	6323500	5581
616750	6323250	5326
616750	6323000	5129
616750	6322750	5187
616750	6322500	5242
616750	6322250	5292
616750	6322000	5366
616750	6321750	5427
616750	6321500	5502
616750	6321250	5548
616750	6321000	5605
616750	6320750	5686
616750	6320500	5758
616750	6320250	5839
616750	6320000	5921
616750	6319750	6009
616750	6319500	6085
616750	6319250	6146
616750	6319000	6208
617000	6326000	5712
617000	6325750	5636
617000	6325500	5439
617000	6325250	5370
617000	6325000	5374
617000	6324750	5416
617000	6324500	5463
617000	6324250	5512
617000	6324000	5541
617000	6323750	5551
617000	6323500	5537
617000	6323250	5240
617000	6323000	5052
617000	6322750	5108
617000	6322500	5167
617000	6322250	5232
617000	6322000	5284
617000	6321750	5359
617000	6321500	5428
617000	6321250	5481
617000	6321000	5556
617000	6320750	5640
617000	6320500	5710
617000	6320250	5792
617000	6320000	5874
617000	6319750	5964
617000	6319500	6052
617000	6319250	6128
617000	6319000	6188
617250	6326000	5842
617250	6325750	5775
617250	6325500	5504
617250	6325250	5407
617250	6325000	5399
617250	6324750	5408
617250	6324500	5426
617250	6324250	5461
617250	6324000	5498
617250	6323750	5501
617250	6323500	5348
617250	6323250	5088
617250	6323000	4984
617250	6322750	5000
617250	6322500	5105
617250	6322250	5184
617250	6322000	5228
617250	6321750	5284
617250	6321500	5338
617250	6321250	5412
617250	6321000	5494
617250	6320750	5578
617250	6320500	5652
617250	6320250	5738
617250	6320000	5821
617250	6319750	5916
617250	6319500	6014
617250	6319250	6111
617250	6319000	6159
617500	6326000	6119
617500	6325750	6054
617500	6325500	5777
617500	6325250	5620
617500	6325000	5477
617500	6324750	5442
617500	6324500	5434
617500	6324250	5453
617500	6324000	5448
617500	6323750	5433
617500	6323500	5258
617500	6323250	5065
617500	6323000	4959
617500	6322750	4924
617500	6322500	5001
617500	6322250	5107
617500	6322000	5163
617500	6321750	5215
617500	6321500	5298
617500	6321250	5356
617500	6321000	5452
617500	6320750	5518
617500	6320500	5607
617500	6320250	5693
617500	6320000	5769
617500	6319750	5866
617500	6319500	5964
617500	6319250	6052
617500	6319000	6106
617750	6326000	6345
617750	6325750	6322
617750	6325500	6220
617750	6325250	5978
617750	6325000	5810
617750	6324750	5726
617750	6324500	5676
617750	6324250	5608
617750	6324000	5497
617750	6323750	5429
617750	6323500	5225
617750	6323250	5077
617750	6323000	4937
617750	6322750	4895
617750	6322500	4923
617750	6322250	5029
617750	6322000	5091
617750	6321750	5159
617750	6321500	5241
617750	6321250	5315
617750	6321000	5397
617750	6320750	5472
617750	6320500	5555
617750	6320250	5651
617750	6320000	5754
617750	6319750	5835
617750	6319500	5919
617750	6319250	6018
617750	6319000	6066
618000	6326000	6465
618000	6325750	6457
618000	6325500	6428
618000	6325250	6318
618000	6325000	6077
618000	6324750	5914
618000	6324500	5888
618000	6324250	5854
618000	6324000	5771
618000	6323750	5550
618000	6323500	5232
618000	6323250	5095
618000	6323000	4950
618000	6322750	4880
618000	6322500	4848
618000	6322250	4983
618000	6322000	5035
618000	6321750	5109
618000	6321500	5188
618000	6321250	5273
618000	6321000	5346
618000	6320750	5429
618000	6320500	5511
618000	6320250	5620
618000	6320000	5702
618000	6319750	5795
618000	6319500	5880
618000	6319250	5969
618000	6319000	6014
618250	6326000	6610
618250	6325750	6560
618250	6325500	6507
618250	6325250	6446
618250	6325000	6316
618250	6324750	6028
618250	6324500	5877
618250	6324250	5841
618250	6324000	5788
618250	6323750	5554
618250	6323500	5278
618250	6323250	5076
618250	6323000	4967
618250	6322750	4891
618250	6322500	4867
618250	6322250	4922
618250	6322000	4990
618250	6321750	5057
618250	6321500	5139
618250	6321250	5234
618250	6321000	5308
618250	6320750	5397
618250	6320500	5472
618250	6320250	5568
618250	6320000	5679
618250	6319750	5752
618250	6319500	5829
618250	6319250	5914
618250	6319000	5980
618500	6326000	6716
618500	6325750	6635
618500	6325500	6566
618500	6325250	6521
618500	6325000	6390
618500	6324750	6060
618500	6324500	5882
618500	6324250	5760
618500	6324000	5650
618500	6323750	5342
618500	6323500	5219
618500	6323250	5104
618500	6323000	5007
618500	6322750	4930
618500	6322500	4867
618500	6322250	4884
618500	6322000	4973
618500	6321750	5039
618500	6321500	5106
618500	6321250	5194
618500	6321000	5277
618500	6320750	5353
618500	6320500	5420
618500	6320250	5529
618500	6320000	5632
618500	6319750	5707
618500	6319500	5805
618500	6319250	5874
618500	6319000	5943
618750	6326000	6712
618750	6325750	6672
618750	6325500	6617
618750	6325250	6579
618750	6325000	6496
618750	6324750	6194
618750	6324500	5832
618750	6324250	5642
618750	6324000	5234
618750	6323750	5105
618750	6323500	5066
618750	6323250	5033
618750	6323000	4994
618750	6322750	4958
618750	6322500	4903
618750	6322250	4881
618750	6322000	4943
618750	6321750	5036
618750	6321500	5106
618750	6321250	5188
618750	6321000	5265
618750	6320750	5336
618750	6320500	5402
618750	6320250	5476
618750	6320000	5568
618750	6319750	5672
618750	6319500	5770
618750	6319250	5838
618750	6319000	5907
619000	6326000	6723
619000	6325750	6682
619000	6325500	6627
619000	6325250	6553
619000	6325000	6460
619000	6324750	6181
619000	6324500	5711
619000	6324250	5477
619000	6324000	5078
619000	6323750	4984
619000	6323500	4964
619000	6323250	4969
619000	6323000	4970
619000	6322750	4963
619000	6322500	4937
619000	6322250	4937
619000	6322000	4930
619000	6321750	4991
619000	6321500	5097
619000	6321250	5165
619000	6321000	5248
619000	6320750	5325
619000	6320500	5378
619000	6320250	5446
619000	6320000	5541
619000	6319750	5621
619000	6319500	5708
619000	6319250	5789
619000	6319000	5846
619250	6326000	6692
619250	6325750	6670
619250	6325500	6621
619250	6325250	6529
619250	6325000	6321
619250	6324750	5967
619250	6324500	5644
619250	6324250	5386
619250	6324000	5166
619250	6323750	4983
619250	6323500	4926
619250	6323250	4971
619250	6323000	4997
619250	6322750	5037
619250	6322500	5041
619250	6322250	5017
619250	6322000	4966
619250	6321750	4960
619250	6321500	5052
619250	6321250	5131
619250	6321000	5221
619250	6320750	5299
619250	6320500	5360
619250	6320250	5427
619250	6320000	5499
619250	6319750	5585
619250	6319500	5674
619250	6319250	5744
619250	6319000	5779
619500	6326000	6599
619500	6325750	6619
619500	6325500	6573
619500	6325250	6458
619500	6325000	6269
619500	6324750	5884
619500	6324500	5618
619500	6324250	5519
619500	6324000	5389
619500	6323750	5157
619500	6323500	5046
619500	6323250	5040
619500	6323000	5072
619500	6322750	5083
619500	6322500	5093
619500	6322250	5109
619500	6322000	5098
619500	6321750	5035
619500	6321500	5028
619500	6321250	5109
619500	6321000	5208
619500	6320750	5295
619500	6320500	5340
619500	6320250	5419
619500	6320000	5475
619500	6319750	5534
619500	6319500	5623
619500	6319250	5681
619500	6319000	5722
619750	6326000	6523
619750	6325750	6523
619750	6325500	6498
619750	6325250	6393
619750	6325000	6251
619750	6324750	5922
619750	6324500	5691
619750	6324250	5544
619750	6324000	5436
619750	6323750	5362
619750	6323500	5237
619750	6323250	5175
619750	6323000	5189
619750	6322750	5186
619750	6322500	5180
619750	6322250	5248
619750	6322000	5279
619750	6321750	5167
619750	6321500	5122
619750	6321250	5137
619750	6321000	5247
619750	6320750	5306
619750	6320500	5334
619750	6320250	5399
619750	6320000	5456
619750	6319750	5513
619750	6319500	5569
619750	6319250	5639
619750	6319000	5697
620000	6326000	6427
620000	6325750	6428
620000	6325500	6396
620000	6325250	6331
620000	6325000	6205
620000	6324750	5901
620000	6324500	5738
620000	6324250	5566
620000	6324000	5519
620000	6323750	5485
620000	6323500	5406
620000	6323250	5338
620000	6323000	5343
620000	6322750	5321
620000	6322500	5325
620000	6322250	5479
620000	6322000	5463
620000	6321750	5305
620000	6321500	5247
620000	6321250	5236
620000	6321000	5280
620000	6320750	5330
620000	6320500	5357
620000	6320250	5401
620000	6320000	5447
620000	6319750	5490
620000	6319500	5555
620000	6319250	5610
620000	6319000	5673
620250	6326000	6325
620250	6325750	6322
620250	6325500	6295
620250	6325250	6248
620250	6325000	6137
620250	6324750	5921
620250	6324500	5759
620250	6324250	5634
620250	6324000	5578
620250	6323750	5539
620250	6323500	5559
620250	6323250	5507
620250	6323000	5510
620250	6322750	5476
620250	6322500	5494
620250	6322250	5521
620250	6322000	5544
620250	6321750	5477
620250	6321500	5390
620250	6321250	5385
620250	6321000	5334
620250	6320750	5325
620250	6320500	5362
620250	6320250	5411
620250	6320000	5456
620250	6319750	5478
620250	6319500	5525
620250	6319250	5597
620250	6319000	5645
620500	6326000	6223
620500	6325750	6222
620500	6325500	6206
620500	6325250	6161
620500	6325000	6137
620500	6324750	6004
620500	6324500	5797
620500	6324250	5666
620500	6324000	5604
620500	6323750	5586
620500	6323500	5620
620500	6323250	5620
620500	6323000	5656
620500	6322750	5633
620500	6322500	5628
620500	6322250	5582
620500	6322000	5598
620500	6321750	5573
620500	6321500	5505
620500	6321250	5498
620500	6321000	5388
620500	6320750	5362
620500	6320500	5398
620500	6320250	5433
620500	6320000	5483
620500	6319750	5477
620500	6319500	5496
620500	6319250	5569
620500	6319000	5597
620750	6326000	6184
620750	6325750	6168
620750	6325500	6180
620750	6325250	6147
620750	6325000	6104
620750	6324750	6030
620750	6324500	5819
620750	6324250	5708
620750	6324000	5614
620750	6323750	5598
620750	6323500	5620
620750	6323250	5632
620750	6323000	5650
620750	6322750	5663
620750	6322500	5676
620750	6322250	5654
620750	6322000	5647
620750	6321750	5622
620750	6321500	5589
620750	6321250	5538
620750	6321000	5459
620750	6320750	5396
620750	6320500	5404
620750	6320250	5478
620750	6320000	5493
620750	6319750	5487
620750	6319500	5509
620750	6319250	5550
620750	6319000	5571
621000	6326000	6163
621000	6325750	6143
621000	6325500	6131
621000	6325250	6116
621000	6325000	6075
621000	6324750	5978
621000	6324500	5814
621000	6324250	5699
621000	6324000	5610
621000	6323750	5589
621000	6323500	5601
621000	6323250	5616
621000	6323000	5627
621000	6322750	5631
621000	6322500	5640
621000	6322250	5617
621000	6322000	5612
621000	6321750	5603
621000	6321500	5617
621000	6321250	5568
621000	6321000	5522
621000	6320750	5475
621000	6320500	5417
621000	6320250	5466
621000	6320000	5486
621000	6319750	5503
621000	6319500	5538
621000	6319250	5566
621000	6319000	5574
621250	6326000	6146
621250	6325750	6108
621250	6325500	6065
621250	6325250	6032
621250	6325000	6028
621250	6324750	5926
621250	6324500	5775
621250	6324250	5655
621250	6324000	5595
621250	6323750	5565
621250	6323500	5569
621250	6323250	5567
621250	6323000	5568
621250	6322750	5574
621250	6322500	5543
621250	6322250	5532
621250	6322000	5529
621250	6321750	5500
621250	6321500	5568
621250	6321250	5563
621250	6321000	5548
621250	6320750	5524
621250	6320500	5501
621250	6320250	5495
621250	6320000	5488
621250	6319750	5510
621250	6319500	5555
621250	6319250	5573
621250	6319000	5585
621500	6326000	6109
621500	6325750	6061
621500	6325500	6013
621500	6325250	5943
621500	6325000	5900
621500	6324750	5878
621500	6324500	5801
621500	6324250	5605
621500	6324000	5557
621500	6323750	5530
621500	6323500	5529
621500	6323250	5523
621500	6323000	5498
621500	6322750	5483
621500	6322500	5439
621500	6322250	5430
621500	6322000	5421
621500	6321750	5387
621500	6321500	5416
621500	6321250	5537
621500	6321000	5536
621500	6320750	5528
621500	6320500	5519
621500	6320250	5519
621500	6320000	5536
621500	6319750	5548
621500	6319500	5553
621500	6319250	5556
621500	6319000	5570
621750	6326000	6052
621750	6325750	6005
621750	6325500	5959
621750	6325250	5912
621750	6325000	5869
621750	6324750	5847
621750	6324500	5627
621750	6324250	5520
621750	6324000	5507
621750	6323750	5487
621750	6323500	5503
621750	6323250	5491
621750	6323000	5437
621750	6322750	5387
621750	6322500	5354
621750	6322250	5318
621750	6322000	5288
621750	6321750	5277
621750	6321500	5317
621750	6321250	5453
621750	6321000	5482
621750	6320750	5500
621750	6320500	5502
621750	6320250	5515
621750	6320000	5563
621750	6319750	5575
621750	6319500	5568
621750	6319250	5563
621750	6319000	5565
622000	6326000	5988
622000	6325750	5954
622000	6325500	5927
622000	6325250	5919
622000	6325000	5878
622000	6324750	5709
622000	6324500	5438
622000	6324250	5286
622000	6324000	5468
622000	6323750	5484
622000	6323500	5496
622000	6323250	5440
622000	6323000	5374
622000	6322750	5345
622000	6322500	5308
622000	6322250	5256
622000	6322000	5164
622000	6321750	5133
622000	6321500	5194
622000	6321250	5304
622000	6321000	5438
622000	6320750	5470
622000	6320500	5471
622000	6320250	5483
622000	6320000	5549
622000	6319750	5583
622000	6319500	5585
622000	6319250	5574
622000	6319000	5564
